00111100000000010000000001100100
00000000010000110000100000100000
00000000010000110000100000100010
00000000010000110000100000101010
00100000010000010000000001100100
00101000010000010000000001100100
00000000010000110000100000100100
00000000010000110000100000100101
00000000010000110000100000100110
00000000010000110000100000100111
00110000010000010000000001100100
00110100010000010000000001100100
00111000010000010000000001100100
10001100010000010000000001100100
10101100010000010000000001100100
00001000000100000000000000000000
00000000001000000000000000001000
00000100001000001111111111101110
00010000001000101111111111101101
00010100001000101111111111101100
00000000000000000000100000010000
00000000000000000000100000010010
00000000010000110000100000100001
00000000010000110000100000100011
00000000001000100000000000011000
00000000001000100000000000011001
00000000001000100000000000011010
00000000001000100000000000011011
00100100010000010000000001100100
00000000000000100000101010000000
00000000000000100000101010000010
00000000000000100000101010000011
00000000011000100000100000000100
00000000011000100000100000000110
00000000011000100000100000000111
10000000010000010000000001100100
10010000010000010000000001100100
10100000010000010000000001100100
00001100000100000000000000000000
00000000000000000000000000001100
